image_width: 640
image_height: 480
camera_name: rgb
camera_matrix:
  rows: 3
  cols: 3
  data: [542.196986, 0.000000, 317.159612, 0, 541.560407, 233.071463, 0, 0, 1]
distortion_model: plumb_bob
distortion_coefficients:
  rows: 1
  cols: 5
  data: [0.047668, -0.125479, -0.000523, -0.001072, 0.000000]
rectification_matrix:
  rows: 3
  cols: 3
  data: [1, 0, 0, 0, 1, 0, 0, 0, 1]
projection_matrix:
  rows: 3
  cols: 4
  data: [542.076294, 0.000000, 315.962339, 0, 0, 542.968567, 232.398332, 0, 0, 0, 1, 0]
