# oST version 5.0 parameters


[image]

width
1280

height
800

[narrow_stereo]

camera matrix
574.235372 0.000000 636.948059
0.000000 574.320891 402.640472
0.000000 0.000000 1.000000

distortion
-0.271179 0.068352 -0.000418 0.000564 0.000000

rectification
1.000000 0.000000 0.000000
0.000000 1.000000 0.000000
0.000000 0.000000 1.000000

projection
435.346527 0.000000 637.851077 0.000000
0.000000 486.687378 402.506253 0.000000
0.000000 0.000000 1.000000 0.000000

