fx: 1352.02747
fy: 1356.14287
cx: 789.67065
cy: 627.2995