image_width: 640
image_height: 480
camera_name: depth
camera_matrix:
  rows: 3
  cols: 3
  data: [578.955450, 0, 317.625258, 0, 578.088385, 235.960077, 0, 0, 1]
distortion_model: plumb_bob
distortion_coefficients:
  rows: 1
  cols: 5
  data: [-0.013565, -0.000695, -0.001306, -0.000273, 0]
rectification_matrix:
  rows: 3
  cols: 3
  data: [1, 0, 0, 0, 1, 0, 0, 0, 1]
projection_matrix:
  rows: 3
  cols: 4
  data: [575.663086, 0, 316.959885, 0, 0, 575.478821, 235.055769, 0, 0, 0, 1, 0]
