x: 0.113074204220918
y: 0.5892802789268905
z: 0.652673790716681
qz: 0.09319502827772819
qx: -0.518597252130659
qw: 0.2389701531981282
qy: 0.815637690808429