z: 0.6493242659074356
qy: 0.8156548751868672
qw: 0.2389443970328892
qz: 0.0932410034123143
qx: -0.5185738279099222
x: -0.05534076331168009
y: 0.671557822839395