z: 0.5337298726624968
x: 0.005153729303247256
qw: -0.4031335469642314
y: 0.8746571070597891
qy: 0.8749842086206083
qx: -0.2575699813289879
qz: 0.07445591108024914