y: 0.5832048743461382
qz: 0.1225477391404354
x: 0.2126411705711696
qw: -0.3976457797384892
qx: -0.07748841346178788
qy: 0.9060107235937731
z: 0.5879841922658178