qx: -0.5139273879666715
qw: -0.04306857961584857
z: 1.051225779077351
qz: -0.0261508947783002
qy: 0.8563526540216487
y: 0.09491322756054421
x: 0.3904715375152571