x: -0.00220624729956348
qy: 0.7175709664444335
qx: -0.4274595917458887
z: 0.6895418722451742
y: 0.6353307581715532
qw: 0.4641823528670378
qz: -0.294796453213503