qw: -0.05781787128475047
z: 0.5493465772376277
qz: 0.1748273285268999
y: 0.8276773655316582
x: -0.1267605521273628
qy: 0.959177310365944
qx: -0.2146424614082689