# oST version 5.0 parameters


[image]

width
1280

height
800

[narrow_stereo]

camera matrix
580.060786 0.000000 631.546204
0.000000 580.602717 402.139607
0.000000 0.000000 1.000000

distortion
-0.269048 0.070163 0.000305 0.002252 0.000000

rectification
1.000000 0.000000 0.000000
0.000000 1.000000 0.000000
0.000000 0.000000 1.000000

projection
447.521454 0.000000 637.014488 0.000000
0.000000 495.805054 402.893264 0.000000
0.000000 0.000000 1.000000 0.000000

