y: 0.6041493378056203
x: -0.1504460344277249
z: 0.5875944649135195
qw: -0.4160991721128268
qy: 0.8436692056515871
qx: -0.3392389784539254
qz: 0.0008160268241617773