qz: 0.1082716566605072
qx: -0.3867936866185109
x: -0.1739839082982338
qy: 0.8300727507087611
qw: -0.3868425013966822
z: 0.6983525061364482
y: 0.7671056883742549