qz: 0.1827140650399575
qw: -0.3577521736897814
x: 0.136967611442945
qx: -0.2148017481822395
z: 0.6987003230613983
y: 0.7729268612066653
qy: 0.8902186032849824