x: -0.05534032392551747
z: 0.6493230523330574
y: 0.671552824814702
qw: 0.2233733272846846
qz: 0.1260665121843097
qx: -0.3981059798485375
qy: 0.8807515086403701