qy: 0.8925315006107449
qz: -0.355491927019211
qx: -0.2291567109425286
x: -0.09015344996788141
z: 0.6637870323665627
y: 0.5775223545798629
qw: -0.1565254358617214