qx: -0.5566221996194233
qz: 0.1296022235234896
qw: 0.03676301970421652
x: -0.08739294216730098
qy: 0.819770376953711
y: 0.659099196102267
z: 0.6412235330974134