y: 0.8228186736370173
x: -0.1180929332711085
qx: -0.5566220802535535
qy: 0.8197708773022536
qz: 0.1296003216136348
qw: 0.0367603745756597
z: 0.5466667720320662