qy: 0.9731390040970653
y: 0.8098050194040343
qz: 0.04314112953953605
z: 0.552364723100556
x: -0.1476031424904063
qx: 0.03659478750459112
qw: -0.2231594568341625