z: 0.6108896152869768
qx: 0.07001738751809528
x: -0.04430488747556816
qw: -0.3993341688908818
y: 0.6095219662014785
qz: -0.1015225786234006
qy: 0.9084728686268098