converged: true
initial_cost_per_obs: 15.78193618906967
final_cost_per_obs: 0.1689789901980266
target_mount_to_target_pos:
  x: 0.4112288215899613
  y: 0.008280671994227468
  z: 0.009576248301722079
camera_mount_to_camera_pos:
  x: -0.1436069236506778
  y: -0.164866891336026
  z: 0.09772617647039508
target_mount_to_target_rpy:
  x: -3.12533433110147
  y: 3.141397065707781
  z: 1.587410485679267
camera_mount_to_camera_rpy:
  x: -1.949558857126507
  y: -1.58924563012922
  z: 1.961174980554748