image_width: 640
image_height: 480
camera_name: rgb_PS1080_PrimeSense
camera_matrix:
  rows: 3
  cols: 3
  data: [583.507020, 0.0, 319.354186, 0.0, 583.860268, 221.352939, 0.0, 0.0, 1.0]
distortion_model: plumb_bob
distortion_coefficients:
  rows: 1
  cols: 5
  data: [0.053886,  -0.402642,  -0.000008,  0.000755,  0.874198]
rectification_matrix:
  rows: 3
  cols: 3
  data: [1, 0, 0, 0, 1, 0, 0, 0, 1]
projection_matrix:
  rows: 3
  cols: 4
  data: [ 583.507020, 0.0, 319.354186, 0.0, 0.0, 583.860268, 221.352939, 0.0, 0.0, 0.0, 1.0, 0.0]
