# oST version 5.0 parameters


[image]

width
1280

height
800

[narrow_stereo]

camera matrix
578.458969 0.000000 636.224790
0.000000 578.579870 401.166683
0.000000 0.000000 1.000000

distortion
-0.271535 0.070013 -0.000258 0.002100 0.000000

rectification
1.000000 0.000000 0.000000
0.000000 1.000000 0.000000
0.000000 0.000000 1.000000

projection
442.474426 0.000000 641.530234 0.000000
0.000000 492.115021 400.705415 0.000000
0.000000 0.000000 1.000000 0.000000
